BIOL-111-100,5,2,2,1,2,12,2.583,0,0,0,0,0,12,HAWKINS A
"",41.67%,16.67%,16.67%,8.33%,16.67%,,,,,,,,,
BIOL-111-101,4,2,2,0,1,9,2.888,0,0,0,0,0,9,HAWKINS A
"",44.44%,22.22%,22.22%,0.00%,11.11%,,,,,,,,,
BIOL-111-102,3,6,3,3,0,15,2.600,0,0,0,0,0,15,HAWKINS A
"",20.00%,40.00%,20.00%,20.00%,0.00%,,,,,,,,,
BIOL-111-103,10,5,0,0,0,15,3.666,0,0,0,0,0,15,HAWKINS A
"",66.67%,33.33%,0.00%,0.00%,0.00%,,,,,,,,,
BIOL-111-104,6,3,0,1,0,10,3.400,0,0,0,0,0,10,HAWKINS A
"",60.00%,30.00%,0.00%,10.00%,0.00%,,,,,,,,,
COURSE TOTAL:,28,18,7,5,3,61,3.032,0,0,0,0,0,61,
"",45.90%,29.51%,11.48%,8.20%,4.92%,,,,,,,,,
BIOL-112-201,10,6,3,2,0,21,3.142,0,0,0,0,0,21,LEE C
"",47.62%,28.57%,14.29%,9.52%,0.00%,,,,,,,,,
BIOL-112-202,12,5,3,2,1,23,3.086,0,0,0,1,0,24,LEE C
"",52.17%,21.74%,13.04%,8.70%,4.35%,,,,,,,,,
BIOL-112-203,9,4,1,1,2,17,3.000,0,0,0,0,0,17,LEE C
"",52.94%,23.53%,5.88%,5.88%,11.76%,,,,,,,,,
BIOL-112-204,9,7,7,0,1,24,2.958,0,0,0,0,0,24,LEE C
"",37.50%,29.17%,29.17%,0.00%,4.17%,,,,,,,,,
BIOL-112-205,7,9,1,1,0,18,3.222,0,0,0,0,0,18,LEE C
"",38.89%,50.00%,5.56%,5.56%,0.00%,,,,,,,,,
COURSE TOTAL:,47,31,15,6,4,103,3.077,0,0,0,1,0,104,
"",45.63%,30.10%,14.56%,5.83%,3.88%,,,,,,,,,
BIOL-113-199,24,8,4,3,1,40,3.275,0,0,0,2,0,42,RAO A
"",60.00%,20.00%,10.00%,7.50%,2.50%,,,,,,,,,
COURSE TOTAL:,24,8,4,3,1,40,3.275,0,0,0,2,0,42,
"",60.00%,20.00%,10.00%,7.50%,2.50%,,,,,,,,,
BIOL-206-101,6,9,4,0,0,19,3.105,0,0,0,0,0,19,JANES D
"",31.58%,47.37%,21.05%,0.00%,0.00%,,,,,,,,,
BIOL-206-102,5,4,3,0,0,12,3.166,0,0,0,0,0,12,JANES D
"",41.67%,33.33%,25.00%,0.00%,0.00%,,,,,,,,,
COURSE TOTAL:,11,13,7,0,0,31,3.129,0,0,0,0,0,31,
"",35.48%,41.94%,22.58%,0.00%,0.00%,,,,,,,,,
BIOL-213-100,10,5,5,2,1,23,2.913,1,0,0,0,0,24,FLETCHER S
"",43.48%,21.74%,21.74%,8.70%,4.35%,,,,,,,,,
COURSE TOTAL:,10,5,5,2,1,23,2.913,1,0,0,0,0,24,
"",43.48%,21.74%,21.74%,8.70%,4.35%,,,,,,,,,
BIOL-214-200,6,11,2,1,1,21,2.952,0,0,0,0,0,21,PEPPER A
"",28.57%,52.38%,9.52%,4.76%,4.76%,,,,,,,,,
COURSE TOTAL:,6,11,2,1,1,21,2.952,0,0,0,0,0,21,
"",28.57%,52.38%,9.52%,4.76%,4.76%,,,,,,,,,
BIOL-319-301,3,3,6,2,0,14,2.500,0,0,0,0,0,14,COHN W
"",21.43%,21.43%,42.86%,14.29%,0.00%,,,,,,,,,
BIOL-319-302,6,3,11,1,0,21,2.666,0,0,0,2,0,23,COHN W
"",28.57%,14.29%,52.38%,4.76%,0.00%,,,,,,,,,
BIOL-319-303,1,2,3,0,0,6,2.666,0,0,0,1,0,7,COHN W
"",16.67%,33.33%,50.00%,0.00%,0.00%,,,,,,,,,
BIOL-319-304,5,7,8,0,0,20,2.850,0,0,0,1,0,21,COHN W
"",25.00%,35.00%,40.00%,0.00%,0.00%,,,,,,,,,
BIOL-319-305,5,9,5,1,0,20,2.900,0,0,0,1,0,21,COHN W
"",25.00%,45.00%,25.00%,5.00%,0.00%,,,,,,,,,
COURSE TOTAL:,20,24,33,4,0,81,2.740,0,0,0,5,0,86,
"",24.69%,29.63%,40.74%,4.94%,0.00%,,,,,,,,,
BIOL-320-301,1,4,4,0,0,9,2.666,0,0,0,0,0,9,TAYLOR L
"",11.11%,44.44%,44.44%,0.00%,0.00%,,,,,,,,,
BIOL-320-302,2,8,11,2,0,23,2.434,0,0,0,0,0,23,TAYLOR L
"",8.70%,34.78%,47.83%,8.70%,0.00%,,,,,,,,,
BIOL-320-303,3,1,3,0,1,8,2.625,0,0,0,3,0,11,TAYLOR L
"",37.50%,12.50%,37.50%,0.00%,12.50%,,,,,,,,,
BIOL-320-304,4,7,8,2,1,22,2.500,0,0,0,1,0,23,TAYLOR L
"",18.18%,31.82%,36.36%,9.09%,4.55%,,,,,,,,,
BIOL-320-305,2,9,10,0,0,21,2.619,0,0,0,1,0,22,TAYLOR L
"",9.52%,42.86%,47.62%,0.00%,0.00%,,,,,,,,,
COURSE TOTAL:,12,29,36,4,2,83,2.542,0,0,0,5,0,88,
"",14.46%,34.94%,43.37%,4.82%,2.41%,,,,,,,,,
BIOL-401-999,24,11,8,1,4,48,3.041,0,0,0,0,0,48,ST. CLAIR A
"",50.00%,22.92%,16.67%,2.08%,8.33%,,,,,,,,,
COURSE TOTAL:,24,11,8,1,4,48,3.041,0,0,0,0,0,48,
"",50.00%,22.92%,16.67%,2.08%,8.33%,,,,,,,,,
BIOL-402-900,31,2,3,0,1,37,3.675,0,0,0,1,0,38,LEBOEUF B
"",83.78%,5.41%,8.11%,0.00%,2.70%,,,,,,,,,
COURSE TOTAL:,31,2,3,0,1,37,3.675,0,0,0,1,0,38,
"",83.78%,5.41%,8.11%,0.00%,2.70%,,,,,,,,,
BIOL-451-200,7,4,1,0,0,12,3.500,0,0,0,0,0,12,SARKAR T
"",58.33%,33.33%,8.33%,0.00%,0.00%,,,,,,,,,
COURSE TOTAL:,7,4,1,0,0,12,3.500,0,0,0,0,0,12,
"",58.33%,33.33%,8.33%,0.00%,0.00%,,,,,,,,,
DEPARTMENT TOTAL:,220,156,121,26,17,540,2.938,1,0,0,14,0,555,
"",40.74%,28.89%,22.41%,4.81%,3.15%,,,,,,,,,
CHEM-107-300,5,8,5,3,2,23,2.478,0,0,0,4,0,27,MAWK E
"",21.74%,34.78%,21.74%,13.04%,8.70%,,,,,,,,,
CHEM-107-M01,1,1,3,2,0,7,2.142,0,0,0,0,0,7,WANG X
"",14.29%,14.29%,42.86%,28.57%,0.00%,,,,,,,,,
COURSE TOTAL:,6,9,8,5,2,30,2.400,0,0,0,4,0,34,
"",20.00%,30.00%,26.67%,16.67%,6.67%,,,,,,,,,
CHEM-117-300,5,4,5,1,0,15,2.866,0,0,0,0,0,15,SONGOK A
"",33.33%,26.67%,33.33%,6.67%,0.00%,,,,,,,,,
CHEM-117-301,3,4,1,0,0,8,3.250,0,0,0,0,0,8,ASSEM A
"",37.50%,50.00%,12.50%,0.00%,0.00%,,,,,,,,,
COURSE TOTAL:,8,8,6,1,0,23,3.000,0,0,0,0,0,23,
"",34.78%,34.78%,26.09%,4.35%,0.00%,,,,,,,,,
CHEM-120-301,3,6,6,6,1,22,2.181,0,0,0,0,0,22,MCCARTNEY S
"",13.64%,27.27%,27.27%,27.27%,4.55%,,,,,,,,,
CHEM-120-302,4,9,3,0,0,16,3.062,1,0,0,2,0,19,MCCARTNEY S
"",25.00%,56.25%,18.75%,0.00%,0.00%,,,,,,,,,
CHEM-120-303,4,3,7,0,0,14,2.785,0,0,0,2,0,16,MCCARTNEY S
"",28.57%,21.43%,50.00%,0.00%,0.00%,,,,,,,,,
CHEM-120-304,4,9,4,0,1,18,2.833,0,0,0,1,0,19,MCCARTNEY S
"",22.22%,50.00%,22.22%,0.00%,5.56%,,,,,,,,,
CHEM-120-305,4,5,8,3,1,21,2.380,0,0,0,0,0,21,MCCARTNEY S
"",19.05%,23.81%,38.10%,14.29%,4.76%,,,,,,,,,
COURSE TOTAL:,19,32,28,9,3,91,2.604,1,0,0,5,0,97,
"",20.88%,35.16%,30.77%,9.89%,3.30%,,,,,,,,,
CHEM-222-300,16,9,4,0,0,29,3.413,0,0,0,0,0,29,DEGRUYTER J
"",55.17%,31.03%,13.79%,0.00%,0.00%,,,,,,,,,
COURSE TOTAL:,16,9,4,0,0,29,3.413,0,0,0,0,0,29,
"",55.17%,31.03%,13.79%,0.00%,0.00%,,,,,,,,,
CHEM-227-301,11,8,13,3,1,36,2.694,0,0,0,2,0,38,SCHAEFER A
"",30.56%,22.22%,36.11%,8.33%,2.78%,,,,,,,,,
CHEM-227-302,14,9,4,2,5,34,2.735,1,0,0,3,0,38,SAN PEDRO J
"",41.18%,26.47%,11.76%,5.88%,14.71%,,,,,,,,,
COURSE TOTAL:,25,17,17,5,6,70,2.714,1,0,0,5,0,76,
"",35.71%,24.29%,24.29%,7.14%,8.57%,,,,,,,,,
CHEM-228-301,26,22,9,5,5,67,2.880,0,0,0,3,0,70,SANTANDER P
"",38.81%,32.84%,13.43%,7.46%,7.46%,,,,,,,,,
CHEM-228-302,25,33,16,5,2,81,2.913,6,0,0,0,0,87,SERRANO C
"",30.86%,40.74%,19.75%,6.17%,2.47%,,,,,,,,,
CHEM-228-303,21,18,4,1,1,45,3.266,1,0,0,4,0,50,PONNAMPERUMA K
"",46.67%,40.00%,8.89%,2.22%,2.22%,,,,,,,,,
COURSE TOTAL:,72,73,29,11,8,193,2.984,7,0,0,7,0,207,
"",37.31%,37.82%,15.03%,5.70%,4.15%,,,,,,,,,
CHEM-237-201,7,5,1,1,1,15,3.066,0,0,0,0,0,15,SCHAEFER A
"",46.67%,33.33%,6.67%,6.67%,6.67%,,,,,,,,,
CHEM-237-202,5,6,3,0,0,14,3.142,0,0,0,0,0,14,SCHAEFER A
"",35.71%,42.86%,21.43%,0.00%,0.00%,,,,,,,,,
CHEM-237-203,11,1,0,1,0,13,3.692,1,0,0,0,0,14,SCHAEFER A
"",84.62%,7.69%,0.00%,7.69%,0.00%,,,,,,,,,
COURSE TOTAL:,23,12,4,2,1,42,3.285,1,0,0,0,0,43,
"",54.76%,28.57%,9.52%,4.76%,2.38%,,,,,,,,,
CHEM-238-201,7,9,3,0,0,19,3.210,1,0,0,0,0,20,SCHAEFER A
"",36.84%,47.37%,15.79%,0.00%,0.00%,,,,,,,,,
CHEM-238-202,12,7,1,0,2,22,3.227,0,0,0,0,0,22,SCHAEFER A
"",54.55%,31.82%,4.55%,0.00%,9.09%,,,,,,,,,
CHEM-238-203,9,3,4,1,1,18,3.000,0,0,0,0,0,18,SCHAEFER A
"",50.00%,16.67%,22.22%,5.56%,5.56%,,,,,,,,,
CHEM-238-204,5,10,3,0,2,20,2.800,0,0,0,0,0,20,SCHAEFER A
"",25.00%,50.00%,15.00%,0.00%,10.00%,,,,,,,,,
COURSE TOTAL:,33,29,11,1,5,79,3.063,1,0,0,0,0,80,
"",41.77%,36.71%,13.92%,1.27%,6.33%,,,,,,,,,
DEPARTMENT TOTAL:,202,189,107,34,25,557,2.854,11,0,0,21,0,589,
"",36.27%,33.93%,19.21%,6.10%,4.49%,,,,,,,,,
MATH-140-100,5,4,8,1,2,20,2.450,0,0,0,2,0,22,CLAYTON B
"",25.00%,20.00%,40.00%,5.00%,10.00%,,,,,,,,,
MATH-140-101,18,18,17,8,7,68,2.470,1,0,0,5,0,74,FISK J
"",26.47%,26.47%,25.00%,11.76%,10.29%,,,,,,,,,
MATH-140-200,1,4,2,0,1,8,2.500,0,0,0,1,0,9,YU B
"",12.50%,50.00%,25.00%,0.00%,12.50%,,,,,,,,,
MATH-140-201,16,18,26,2,6,68,2.529,1,0,0,4,0,73,SENGUPTA S
"",23.53%,26.47%,38.24%,2.94%,8.82%,,,,,,,,,
COURSE TOTAL:,40,44,53,11,16,164,2.493,2,0,0,12,0,178,
"",24.39%,26.83%,32.32%,6.71%,9.76%,,,,,,,,,
MATH-142-101,5,3,4,5,2,19,2.210,0,0,0,0,0,19,SU X
"",26.32%,15.79%,21.05%,26.32%,10.53%,,,,,,,,,
MATH-142-102,2,3,1,2,0,8,2.625,0,0,0,2,0,10,BARTON A
"",25.00%,37.50%,12.50%,25.00%,0.00%,,,,,,,,,
MATH-142-103,16,20,20,11,7,74,2.364,0,0,0,9,0,83,ORCHARD P
"",21.62%,27.03%,27.03%,14.86%,9.46%,,,,,,,,,
MATH-142-201,4,3,5,5,1,18,2.222,0,0,0,2,0,20,RINEHART L
"",22.22%,16.67%,27.78%,27.78%,5.56%,,,,,,,,,
MATH-142-202,11,12,10,4,12,49,2.122,0,0,0,11,0,60,ORCHARD P
"",22.45%,24.49%,20.41%,8.16%,24.49%,,,,,,,,,
COURSE TOTAL:,38,41,40,27,22,168,2.273,0,0,0,24,0,192,
"",22.62%,24.40%,23.81%,16.07%,13.10%,,,,,,,,,
MATH-151-301,3,6,13,2,1,25,2.320,0,0,0,2,0,27,LOCKHART B
"",12.00%,24.00%,52.00%,8.00%,4.00%,,,,,,,,,
MATH-151-302,0,4,1,3,0,8,2.125,0,0,0,0,0,8,LOCKHART B
"",0.00%,50.00%,12.50%,37.50%,0.00%,,,,,,,,,
MATH-151-303,3,5,6,6,5,25,1.800,0,0,0,0,0,25,LOCKHART B
"",12.00%,20.00%,24.00%,24.00%,20.00%,,,,,,,,,
MATH-151-304,2,4,14,2,4,26,1.923,0,0,0,5,0,31,LOCKHART B
"",7.69%,15.38%,53.85%,7.69%,15.38%,,,,,,,,,
MATH-151-305,3,1,4,7,4,19,1.578,0,0,0,1,0,20,LOCKHART B
"",15.79%,5.26%,21.05%,36.84%,21.05%,,,,,,,,,
COURSE TOTAL:,11,20,38,20,14,103,1.941,0,0,0,8,0,111,
"",10.68%,19.42%,36.89%,19.42%,13.59%,,,,,,,,,
MATH-152-301,12,7,4,3,6,32,2.500,0,0,0,0,0,32,SCHRADER T
"",37.50%,21.88%,12.50%,9.38%,18.75%,,,,,,,,,
MATH-152-302,4,8,5,5,4,26,2.115,0,0,0,2,0,28,SCHRADER T
"",15.38%,30.77%,19.23%,19.23%,15.38%,,,,,,,,,
MATH-152-304,3,10,8,2,4,27,2.222,0,0,0,0,0,27,WATKINS K
"",11.11%,37.04%,29.63%,7.41%,14.81%,,,,,,,,,
MATH-152-305,7,8,10,0,3,28,2.571,0,0,0,2,0,30,WATKINS K
"",25.00%,28.57%,35.71%,0.00%,10.71%,,,,,,,,,
MATH-152-306,1,10,14,0,3,28,2.214,0,0,0,1,0,29,WATKINS K
"",3.57%,35.71%,50.00%,0.00%,10.71%,,,,,,,,,
COURSE TOTAL:,27,43,41,10,20,141,2.333,0,0,0,5,0,146,
"",19.15%,30.50%,29.08%,7.09%,14.18%,,,,,,,,,
MATH-167-100,5,4,1,0,3,13,2.615,0,0,0,0,0,13,MASHBURN J
"",38.46%,30.77%,7.69%,0.00%,23.08%,,,,,,,,,
COURSE TOTAL:,5,4,1,0,3,13,2.615,0,0,0,0,0,13,
"",38.46%,30.77%,7.69%,0.00%,23.08%,,,,,,,,,
MATH-172-300,2,3,3,1,1,10,2.400,0,0,0,0,0,10,SCHRADER T
"",20.00%,30.00%,30.00%,10.00%,10.00%,,,,,,,,,
COURSE TOTAL:,2,3,3,1,1,10,2.400,0,0,0,0,0,10,
"",20.00%,30.00%,30.00%,10.00%,10.00%,,,,,,,,,
MATH-251-301,10,18,19,6,3,56,2.464,0,0,0,0,0,56,PEARLSTEIN R
"",17.86%,32.14%,33.93%,10.71%,5.36%,,,,,,,,,
MATH-251-302,20,18,17,6,3,64,2.718,0,0,0,2,0,66,KAHLIG J
"",31.25%,28.13%,26.56%,9.38%,4.69%,,,,,,,,,
COURSE TOTAL:,30,36,36,12,6,120,2.600,0,0,0,2,0,122,
"",25.00%,30.00%,30.00%,10.00%,5.00%,,,,,,,,,
MATH-304-100,30,15,4,1,2,52,3.346,0,0,0,0,0,52,CANTU J
"",57.69%,28.85%,7.69%,1.92%,3.85%,,,,,,,,,
MATH-304-101,22,14,4,2,1,43,3.255,0,0,0,1,0,44,CANTU J
"",51.16%,32.56%,9.30%,4.65%,2.33%,,,,,,,,,
MATH-304-201,15,20,8,1,0,44,3.113,0,0,0,1,0,45,NEKRASHEVYCH V
"",34.09%,45.45%,18.18%,2.27%,0.00%,,,,,,,,,
COURSE TOTAL:,67,49,16,4,3,139,3.244,0,0,0,2,0,141,
"",48.20%,35.25%,11.51%,2.88%,2.16%,,,,,,,,,
MATH-308-101,7,10,9,1,2,29,2.655,0,0,0,0,0,29,VOROBETS M
"",24.14%,34.48%,31.03%,3.45%,6.90%,,,,,,,,,
MATH-308-102,13,11,16,6,8,54,2.277,0,0,0,2,0,56,ONICA C
"",24.07%,20.37%,29.63%,11.11%,14.81%,,,,,,,,,
MATH-308-103,4,13,21,5,13,56,1.821,0,0,0,2,0,58,ONICA C
"",7.14%,23.21%,37.50%,8.93%,23.21%,,,,,,,,,
MATH-308-201,15,14,15,2,3,49,2.734,0,0,0,2,0,51,LEE J
"",30.61%,28.57%,30.61%,4.08%,6.12%,,,,,,,,,
MATH-308-202,18,18,19,4,1,60,2.800,1,0,0,0,0,61,LEE J
"",30.00%,30.00%,31.67%,6.67%,1.67%,,,,,,,,,
COURSE TOTAL:,57,66,80,18,27,248,2.435,1,0,0,6,0,255,
"",22.98%,26.61%,32.26%,7.26%,10.89%,,,,,,,,,
MATH-311-300,14,13,12,2,1,42,2.880,0,0,0,0,0,42,DARIPA P
"",33.33%,30.95%,28.57%,4.76%,2.38%,,,,,,,,,
COURSE TOTAL:,14,13,12,2,1,42,2.880,0,0,0,0,0,42,
"",33.33%,30.95%,28.57%,4.76%,2.38%,,,,,,,,,
MATH-409-301,4,0,4,2,2,12,2.166,0,0,0,1,0,13,RAHM JR. R
"",33.33%,0.00%,33.33%,16.67%,16.67%,,,,,,,,,
COURSE TOTAL:,4,0,4,2,2,12,2.166,0,0,0,1,0,13,
"",33.33%,0.00%,33.33%,16.67%,16.67%,,,,,,,,,
MATH-411-300,27,11,0,0,0,38,3.710,1,0,0,3,0,42,ROITERCHTEIN A
"",71.05%,28.95%,0.00%,0.00%,0.00%,,,,,,,,,
COURSE TOTAL:,27,11,0,0,0,38,3.710,1,0,0,3,0,42,
"",71.05%,28.95%,0.00%,0.00%,0.00%,,,,,,,,,
MATH-412-300,10,4,6,2,6,28,2.357,2,0,0,2,0,32,REIHANI K
"",35.71%,14.29%,21.43%,7.14%,21.43%,,,,,,,,,
COURSE TOTAL:,10,4,6,2,6,28,2.357,2,0,0,2,0,32,
"",35.71%,14.29%,21.43%,7.14%,21.43%,,,,,,,,,
MATH-433-100,7,7,5,1,0,20,3.000,0,0,0,0,0,20,HARRIS S
"",35.00%,35.00%,25.00%,5.00%,0.00%,,,,,,,,,
COURSE TOTAL:,7,7,5,1,0,20,3.000,0,0,0,0,0,20,
"",35.00%,35.00%,25.00%,5.00%,0.00%,,,,,,,,,
MATH-470-200,6,15,9,3,1,34,2.647,0,0,0,13,0,47,ROJAS J
"",17.65%,44.12%,26.47%,8.82%,2.94%,,,,,,,,,
COURSE TOTAL:,6,15,9,3,1,34,2.647,0,0,0,13,0,47,
"",17.65%,44.12%,26.47%,8.82%,2.94%,,,,,,,,,
MATH-615-700,6,0,1,0,0,7,3.714,0,0,0,0,0,7,REIHANI K
"",85.71%,0.00%,14.29%,0.00%,0.00%,,,,,,,,,
COURSE TOTAL:,6,0,1,0,0,7,3.714,0,0,0,0,0,7,
"",85.71%,0.00%,14.29%,0.00%,0.00%,,,,,,,,,
MATH-639-700,13,0,0,0,0,13,4.000,0,0,0,0,0,13,ROITERCHTEIN A
"",100.00%,0.00%,0.00%,0.00%,0.00%,,,,,,,,,
COURSE TOTAL:,13,0,0,0,0,13,4.000,0,0,0,0,0,13,
"",100.00%,0.00%,0.00%,0.00%,0.00%,,,,,,,,,
MATH-663-200,12,0,0,0,0,12,4.000,1,0,0,0,0,13,BONITO A
"",100.00%,0.00%,0.00%,0.00%,0.00%,,,,,,,,,
COURSE TOTAL:,12,0,0,0,0,12,4.000,1,0,0,0,0,13,
"",100.00%,0.00%,0.00%,0.00%,0.00%,,,,,,,,,
MATH-696-100,11,0,0,0,0,11,4.000,0,0,0,0,0,11,MANUEL D
"",100.00%,0.00%,0.00%,0.00%,0.00%,,,,,,,,,
MATH-696-700,19,0,0,0,0,19,4.000,0,0,0,0,0,19,RAHM JR. R
"",100.00%,0.00%,0.00%,0.00%,0.00%,,,,,,,,,
COURSE TOTAL:,30,0,0,0,0,30,4.000,0,0,0,0,0,30,
"",100.00%,0.00%,0.00%,0.00%,0.00%,,,,,,,,,
DEPARTMENT TOTAL:,406,356,345,113,122,1342,2.583,7,0,0,78,0,1427
"",30.25%,26.53%,25.71%,8.42%,9.09%,,,,,,,,
PHYS-201-101,5,5,4,3,0,17,2.705,0,0,0,2,0,19,MAY L
"",29.41%,29.41%,23.53%,17.65%,0.00%,,,,,,,,,
PHYS-201-102,3,8,4,0,0,15,2.933,0,0,0,4,0,19,MAY L
"",20.00%,53.33%,26.67%,0.00%,0.00%,,,,,,,,,
PHYS-201-103,8,6,3,1,0,18,3.166,0,0,0,2,0,20,MAY L
"",44.44%,33.33%,16.67%,5.56%,0.00%,,,,,,,,,
PHYS-201-104,2,9,4,2,0,17,2.647,0,0,0,0,0,17,MAY L
"",11.76%,52.94%,23.53%,11.76%,0.00%,,,,,,,,,
PHYS-201-105,3,3,2,1,0,9,2.888,1,0,0,3,0,13,MAY L
"",33.33%,33.33%,22.22%,11.11%,0.00%,,,,,,,,,
PHYS-201-106,1,3,4,0,0,8,2.625,1,0,0,2,0,11,MAY L
"",12.50%,37.50%,50.00%,0.00%,0.00%,,,,,,,,,
COURSE TOTAL:,22,34,21,7,0,84,2.845,2,0,0,13,0,99,
"",26.19%,40.48%,25.00%,8.33%,0.00%,,,,,,,,,
PHYS-202-201,5,11,3,2,0,21,2.904,0,0,0,1,0,22,MAY L
"",23.81%,52.38%,14.29%,9.52%,0.00%,,,,,,,,,
PHYS-202-202,8,9,5,1,0,23,3.043,0,0,0,1,0,24,MAY L
"",34.78%,39.13%,21.74%,4.35%,0.00%,,,,,,,,,
PHYS-202-203,3,6,2,3,0,14,2.642,0,0,0,2,0,16,MAY L
"",21.43%,42.86%,14.29%,21.43%,0.00%,,,,,,,,,
PHYS-202-204,1,6,2,1,0,10,2.700,0,0,0,0,0,10,MAY L
"",10.00%,60.00%,20.00%,10.00%,0.00%,,,,,,,,,
COURSE TOTAL:,17,32,12,7,0,68,2.867,0,0,0,4,0,72,
"",25.00%,47.06%,17.65%,10.29%,0.00%,,,,,,,,,
PHYS-206-103,0,2,5,1,1,9,1.888,0,0,0,2,0,11,KORDELL M
"",0.00%,22.22%,55.56%,11.11%,11.11%,,,,,,,,,
PHYS-206-104,8,3,5,2,1,19,2.789,0,0,0,1,0,20,KORDELL M
"",42.11%,15.79%,26.32%,10.53%,5.26%,,,,,,,,,
PHYS-206-203,1,3,1,1,1,7,2.285,0,0,0,1,0,8,KAYA A
"",14.29%,42.86%,14.29%,14.29%,14.29%,,,,,,,,,
PHYS-206-204,9,5,7,1,1,23,2.869,0,0,0,0,0,23,KAYA A
"",39.13%,21.74%,30.43%,4.35%,4.35%,,,,,,,,,
COURSE TOTAL:,18,13,18,5,4,58,2.620,0,0,0,4,0,62,
"",31.03%,22.41%,31.03%,8.62%,6.90%,,,,,,,,,
PHYS-207-102,2,3,1,1,0,7,2.857,0,0,0,0,0,7,KAYA A
"",28.57%,42.86%,14.29%,14.29%,0.00%,,,,,,,,,
PHYS-207-103,6,7,2,0,0,15,3.266,0,0,0,0,0,15,KAYA A
"",40.00%,46.67%,13.33%,0.00%,0.00%,,,,,,,,,
PHYS-207-104,4,3,9,0,3,19,2.263,0,0,0,1,0,20,KAYA A
"",21.05%,15.79%,47.37%,0.00%,15.79%,,,,,,,,,
PHYS-207-105,7,7,6,1,1,22,2.818,0,0,0,0,0,22,KAYA A
"",31.82%,31.82%,27.27%,4.55%,4.55%,,,,,,,,,
PHYS-207-202,3,5,3,1,2,14,2.428,0,0,0,0,0,14,KORDELL M
"",21.43%,35.71%,21.43%,7.14%,14.29%,,,,,,,,,
PHYS-207-203,4,1,1,0,1,7,3.000,0,0,0,1,0,8,KORDELL M
"",57.14%,14.29%,14.29%,0.00%,14.29%,,,,,,,,,
PHYS-207-204,4,5,5,1,4,19,2.210,0,0,0,0,0,19,KORDELL M
"",21.05%,26.32%,26.32%,5.26%,21.05%,,,,,,,,,
PHYS-207-205,3,1,2,1,0,7,2.857,0,0,0,2,0,9,KORDELL M
"",42.86%,14.29%,28.57%,14.29%,0.00%,,,,,,,,,
PHYS-207-206,1,1,0,2,1,5,1.800,0,0,0,0,0,5,KORDELL M
"",20.00%,20.00%,0.00%,40.00%,20.00%,,,,,,,,,
COURSE TOTAL:,34,33,29,7,12,115,2.608,0,0,0,4,0,119,
"",29.57%,28.70%,25.22%,6.09%,10.43%,,,,,,,,,
PHYS-217-301,3,3,1,1,0,8,3.000,0,0,0,1,0,9,CORNEJO J
"",37.50%,37.50%,12.50%,12.50%,0.00%,,,,,,,,,
COURSE TOTAL:,3,3,1,1,0,8,3.000,0,0,0,1,0,9,
"",37.50%,37.50%,12.50%,12.50%,0.00%,,,,,,,,,
PHYS-222-300,10,11,1,0,0,22,3.409,0,0,0,0,0,22,ABANOV A
"",45.45%,50.00%,4.55%,0.00%,0.00%,,,,,,,,,
COURSE TOTAL:,10,11,1,0,0,22,3.409,0,0,0,0,0,22,
"",45.45%,50.00%,4.55%,0.00%,0.00%,,,,,,,,,
DEPARTMENT TOTAL:,104,126,82,27,16,355,2.783,2,0,0,26,0,383,
"",29.30%,35.49%,23.10%,7.61%,4.51%,,,,,,,,,
STAT-201-101,11,5,1,0,0,17,3.588,0,0,0,0,0,17,LEE R
"",64.71%,29.41%,5.88%,0.00%,0.00%,,,,,,,,,
STAT-201-201,22,25,11,2,0,60,3.116,0,0,0,0,0,60,GARG J
"",36.67%,41.67%,18.33%,3.33%,0.00%,,,,,,,,,
COURSE TOTAL:,33,30,12,2,0,77,3.220,0,0,0,0,0,77,
"",42.86%,38.96%,15.58%,2.60%,0.00%,,,,,,,,,
STAT-211-100,11,11,6,0,0,28,3.178,0,0,0,0,0,28,HATFIELD L
"",39.29%,39.29%,21.43%,0.00%,0.00%,,,,,,,,,
STAT-211-101,48,26,2,0,0,76,3.605,0,0,0,1,0,77,DAO T
"",63.16%,34.21%,2.63%,0.00%,0.00%,,,,,,,,,
STAT-211-200,16,23,15,3,3,60,2.766,0,0,0,2,0,62,HATFIELD L
"",26.67%,38.33%,25.00%,5.00%,5.00%,,,,,,,,,
COURSE TOTAL:,75,60,23,3,3,164,3.225,0,0,0,3,0,167,
"",45.73%,36.59%,14.02%,1.83%,1.83%,,,,,,,,,
STAT-212-100,4,12,2,0,0,18,3.111,0,0,0,0,0,18,ABURWEIS M
"",22.22%,66.67%,11.11%,0.00%,0.00%,,,,,,,,,
COURSE TOTAL:,4,12,2,0,0,18,3.111,0,0,0,0,0,18,
"",22.22%,66.67%,11.11%,0.00%,0.00%,,,,,,,,,
STAT-302-101,11,7,1,0,0,19,3.526,0,0,0,1,0,20,YAN J
"",57.89%,36.84%,5.26%,0.00%,0.00%,,,,,,,,,
STAT-302-102,41,22,12,5,5,85,3.047,0,0,0,0,0,85,CHOI J
"",48.24%,25.88%,14.12%,5.88%,5.88%,,,,,,,,,
STAT-302-201,24,8,2,0,0,34,3.647,0,0,0,0,0,34,ABURWEIS M
"",70.59%,23.53%,5.88%,0.00%,0.00%,,,,,,,,,
COURSE TOTAL:,76,37,15,5,5,138,3.260,0,0,0,1,0,139,
"",55.07%,26.81%,10.87%,3.62%,3.62%,,,,,,,,,
STAT-303-101,6,2,1,1,0,10,3.300,0,0,0,0,0,10,COULTER A
"",60.00%,20.00%,10.00%,10.00%,0.00%,,,,,,,,,
STAT-303-201,59,15,7,2,0,83,3.578,0,0,0,3,0,86,COULTER A
"",71.08%,18.07%,8.43%,2.41%,0.00%,,,,,,,,,
COURSE TOTAL:,65,17,8,3,0,93,3.548,0,0,0,3,0,96,
"",69.89%,18.28%,8.60%,3.23%,0.00%,,,,,,,,,
STAT-312-200,5,1,1,0,0,7,3.571,0,0,0,0,0,7,DAO T
"",71.43%,14.29%,14.29%,0.00%,0.00%,,,,,,,,,
COURSE TOTAL:,5,1,1,0,0,7,3.571,0,0,0,0,0,7,
"",71.43%,14.29%,14.29%,0.00%,0.00%,,,,,,,,,
STAT-335-100,13,0,0,0,0,13,4.000,0,0,0,0,0,13,DASGUPTA S
"",100.00%,0.00%,0.00%,0.00%,0.00%,,,,,,,,,
COURSE TOTAL:,13,0,0,0,0,13,4.000,0,0,0,0,0,13,
"",100.00%,0.00%,0.00%,0.00%,0.00%,,,,,,,,,
STAT-604-700,16,7,6,0,2,31,3.129,1,0,0,0,0,32,KINCHELOE F
"",51.61%,22.58%,19.35%,0.00%,6.45%,,,,,,,,,
COURSE TOTAL:,16,7,6,0,2,31,3.129,1,0,0,0,0,32,
"",51.61%,22.58%,19.35%,0.00%,6.45%,,,,,,,,,
STAT-608-700,18,14,2,1,0,35,3.400,0,0,0,4,0,39,ABURWEIS M
"",51.43%,40.00%,5.71%,2.86%,0.00%,,,,,,,,,
COURSE TOTAL:,18,14,2,1,0,35,3.400,0,0,0,4,0,39,
"",51.43%,40.00%,5.71%,2.86%,0.00%,,,,,,,,,
STAT-626-300,9,4,0,0,0,13,3.692,0,0,0,1,0,14,POURAHMADI M
"",69.23%,30.77%,0.00%,0.00%,0.00%,,,,,,,,,
STAT-626-700,32,14,2,0,0,48,3.625,0,0,0,2,1,51,POURAHMADI M
"",66.67%,29.17%,4.17%,0.00%,0.00%,,,,,,,,,
COURSE TOTAL:,41,18,2,0,0,61,3.639,0,0,0,3,1,65,
"",67.21%,29.51%,3.28%,0.00%,0.00%,,,,,,,,,
STAT-630-700,6,6,0,1,3,16,2.687,0,0,0,0,1,17,KARMAKAR M
"",37.50%,37.50%,0.00%,6.25%,18.75%,,,,,,,,,
COURSE TOTAL:,6,6,0,1,3,16,2.687,0,0,0,0,1,17,
"",37.50%,37.50%,0.00%,6.25%,18.75%,,,,,,,,,
STAT-641-700,10,7,0,1,0,18,3.444,0,0,0,0,0,18,KARMAKAR M
"",55.56%,38.89%,0.00%,5.56%,0.00%,,,,,,,,,
COURSE TOTAL:,10,7,0,1,0,18,3.444,0,0,0,0,0,18,
"",55.56%,38.89%,0.00%,5.56%,0.00%,,,,,,,,,
STAT-651-100,25,12,5,1,0,43,3.418,0,0,0,1,0,44,DABNEY A
"",58.14%,27.91%,11.63%,2.33%,0.00%,,,,,,,,,
STAT-651-700,32,14,5,2,2,55,3.309,0,0,0,2,0,57,DABNEY A
"",58.18%,25.45%,9.09%,3.64%,3.64%,,,,,,,,,
COURSE TOTAL:,57,26,10,3,2,98,3.357,0,0,0,3,0,101,
"",58.16%,26.53%,10.20%,3.06%,2.04%,,,,,,,,,
STAT-659-700,27,13,0,2,0,42,3.547,0,0,0,1,0,43,SINHA S
"",64.29%,30.95%,0.00%,4.76%,0.00%,,,,,,,,,
COURSE TOTAL:,27,13,0,2,0,42,3.547,0,0,0,1,0,43,
"",64.29%,30.95%,0.00%,4.76%,0.00%,,,,,,,,,
STAT-685-700,6,0,0,0,0,6,4.000,0,0,0,0,0,6,AKLEMAN D
"",100.00%,0.00%,0.00%,0.00%,0.00%,,,,,,,,,
COURSE TOTAL:,6,0,0,0,0,6,4.000,0,0,0,0,0,6,
"",100.00%,0.00%,0.00%,0.00%,0.00%,,,,,,,,,
DEPARTMENT TOTAL:,452,248,81,21,15,817,3.347,1,0,0,18,2,838,
"",55.32%,30.35%,9.91%,2.57%,1.84%,,,,,,,,,
COLLEGE TOTAL:,1384,1075,736,221,195,3611,2.864,22,0,0,157,2,3792,
"",38.33%,29.77%,20.38%,6.12%,5.40%,,,,,,,,,
